6 0 2 3 1 4 5 0 240
999999999 83 32 81 60 75 
83 999999999 3 16 32 62 
32 3 999999999 19 55 65 
81 16 19 999999999 74 93 
60 32 55 74 999999999 66 
75 62 65 93 66 999999999 
