17 0 1 9 6 14 2 10 8 7 11 15 3 16 13 4 5 12 0 329
999999999 20 89 61 82 51 28 44 79 67 57 96 14 41 55 18 100 
20 999999999 85 35 89 48 39 75 44 39 50 64 82 61 44 79 23 
89 85 999999999 33 9 32 60 33 34 94 7 49 45 99 12 70 70 
61 35 33 999999999 46 55 77 37 73 71 78 91 67 55 57 30 11 
82 89 9 46 999999999 30 18 88 87 100 43 90 43 33 44 95 53 
51 48 32 55 30 999999999 78 45 68 70 92 88 1 63 89 81 10 
28 39 60 77 18 78 999999999 15 99 40 55 69 78 98 18 93 86 
44 75 33 37 88 45 15 999999999 24 49 58 4 68 44 29 13 19 
79 44 34 73 87 68 99 24 999999999 51 15 50 20 86 59 49 38 
67 39 94 71 100 70 40 49 51 999999999 77 55 72 78 86 46 85 
57 50 7 78 43 92 55 58 15 77 999999999 75 53 48 86 93 14 
96 64 49 91 90 88 69 4 50 55 75 999999999 79 64 99 19 61 
14 82 45 67 43 1 78 68 20 72 53 79 999999999 26 83 45 63 
41 61 99 55 33 63 98 44 86 78 48 64 26 999999999 99 58 12 
55 44 12 57 44 89 18 29 59 86 86 99 83 99 999999999 97 52 
18 79 70 30 95 81 93 13 49 46 93 19 45 58 97 999999999 16 
100 23 70 11 53 10 86 19 38 85 14 61 63 12 52 16 999999999 
