18 0 11 15 5 2 8 10 16 12 17 9 3 7 14 1 6 4 13 0 203
999999999 54 22 44 41 79 93 74 28 93 61 15 19 3 91 86 16 61 
54 999999999 63 44 92 94 4 25 45 50 46 32 96 59 12 62 61 22 
22 63 999999999 73 97 2 72 10 5 11 95 70 83 44 52 76 90 63 
44 44 73 999999999 46 88 97 15 49 15 13 54 35 56 71 38 85 20 
41 92 97 46 999999999 49 29 64 99 53 24 66 33 23 96 45 27 64 
79 94 2 88 49 999999999 67 75 61 56 83 55 18 57 49 1 65 81 
93 4 72 97 29 67 999999999 95 78 24 48 91 86 39 65 52 63 64 
74 25 10 15 64 75 95 999999999 31 45 98 89 42 71 12 96 72 67 
28 45 5 49 99 61 78 31 999999999 81 3 92 91 28 75 55 61 10 
93 50 11 15 53 56 24 45 81 999999999 83 81 78 78 96 84 47 5 
61 46 95 13 24 83 48 98 3 83 999999999 48 57 19 21 14 11 92 
15 32 70 54 66 55 91 89 92 81 48 999999999 85 40 22 28 88 19 
19 96 83 35 33 18 86 42 91 78 57 85 999999999 90 68 49 8 12 
3 59 44 56 23 57 39 71 28 78 19 40 90 999999999 96 76 50 36 
91 12 52 71 96 49 65 12 75 96 21 22 68 96 999999999 18 5 4 
86 62 76 38 45 1 52 96 55 84 14 28 49 76 18 999999999 76 39 
16 61 90 85 27 65 63 72 61 47 11 88 8 50 5 76 999999999 43 
61 22 63 20 64 81 64 67 10 5 92 19 12 36 4 39 43 999999999 
