20 0 5 1 2 3 9 19 17 16 18 4 15 14 13 6 11 10 12 8 7 0 151
999999999 3 80 74 34 14 21 10 77 53 29 23 54 34 19 86 58 81 18 20 
3 999999999 10 20 28 3 60 67 8 39 29 68 62 14 81 92 86 27 48 88 
80 10 999999999 19 21 62 36 74 77 66 29 87 96 82 87 80 29 75 80 94 
74 20 19 999999999 28 87 44 81 6 12 58 24 80 94 67 75 65 89 34 67 
34 28 21 28 999999999 19 96 95 20 93 89 57 71 2 5 9 86 8 4 47 
14 3 62 87 19 999999999 79 35 99 27 68 75 13 68 11 95 54 95 42 98 
21 60 36 44 96 79 999999999 50 44 25 86 2 55 5 47 36 23 67 42 66 
10 67 74 81 95 35 50 999999999 5 92 97 67 91 96 74 75 8 48 15 36 
77 8 77 6 20 99 44 5 999999999 68 35 90 11 6 21 75 86 35 95 62 
53 39 66 12 93 27 25 92 68 999999999 66 63 69 44 81 56 62 93 42 16 
29 29 29 58 89 68 86 97 35 66 999999999 12 1 97 67 71 5 97 19 67 
23 68 87 24 57 75 2 67 90 63 12 999999999 33 3 81 44 5 72 52 55 
54 62 96 80 71 13 55 91 11 69 1 33 999999999 43 80 35 19 14 29 51 
34 14 82 94 2 68 5 96 6 44 97 3 43 999999999 4 90 65 55 93 56 
19 81 87 67 5 11 47 74 21 81 67 81 80 4 999999999 5 83 91 86 66 
86 92 80 75 9 95 36 75 75 56 71 44 35 90 5 999999999 79 79 51 70 
58 86 29 65 86 54 23 8 86 62 5 5 19 65 83 79 999999999 2 5 57 
81 27 75 89 8 95 67 48 35 93 97 72 14 55 91 79 2 999999999 44 2 
18 48 80 34 4 42 42 15 95 42 19 52 29 93 86 51 5 44 999999999 70 
20 88 94 67 47 98 66 36 62 16 67 55 51 56 66 70 57 2 70 999999999 
