15 0 13 7 12 9 10 5 11 3 4 6 2 1 8 14 0 223
999999999 46 62 70 79 46 40 79 69 77 80 99 94 47 17 
46 999999999 14 92 61 52 97 36 8 63 84 40 100 58 63 
62 14 999999999 63 87 69 7 93 71 98 3 1 82 98 72 
70 92 63 999999999 29 26 22 67 12 100 85 7 32 55 45 
79 61 87 29 999999999 90 15 63 35 53 14 79 45 47 56 
46 52 69 26 90 999999999 98 18 25 78 5 5 89 62 46 
40 97 7 22 15 98 999999999 10 85 36 53 15 86 97 43 
79 36 93 67 63 18 10 999999999 83 96 60 78 4 5 45 
69 8 71 12 35 25 85 83 999999999 57 44 20 18 43 16 
77 63 98 100 53 78 36 96 57 999999999 2 29 42 61 42 
80 84 3 85 14 5 53 60 44 2 999999999 9 12 57 27 
99 40 1 7 79 5 15 78 20 29 9 999999999 19 51 64 
94 100 82 32 45 89 86 4 18 42 12 19 999999999 67 48 
47 58 98 55 47 62 97 5 43 61 57 51 67 999999999 33 
17 63 72 45 56 46 43 45 16 42 27 64 48 33 999999999 
