19 0 4 12 2 17 8 6 5 7 13 10 16 1 11 18 3 14 9 15 0 210
999999999 82 84 45 9 66 16 39 35 18 26 96 34 42 86 14 89 82 67 
82 999999999 45 75 80 44 51 41 8 42 61 16 63 7 54 32 4 96 17 
84 45 999999999 21 92 70 22 62 23 5 14 42 10 17 87 40 87 6 14 
45 75 21 999999999 9 27 97 87 74 16 15 80 51 65 28 64 88 86 2 
9 80 92 9 999999999 66 68 73 64 79 33 58 2 31 37 81 52 78 33 
66 44 70 27 66 999999999 15 11 20 99 74 14 54 95 30 50 43 16 93 
16 51 22 97 68 15 999999999 25 12 78 64 47 51 53 42 88 32 87 22 
39 41 62 87 73 11 25 999999999 15 89 28 51 63 9 35 55 38 27 62 
35 8 23 74 64 20 12 15 999999999 77 30 56 13 95 37 29 94 5 24 
18 42 5 16 79 99 78 89 77 999999999 84 70 35 31 21 31 19 9 68 
26 61 14 15 33 74 64 28 30 84 999999999 91 59 1 77 78 4 30 95 
96 16 42 80 58 14 47 51 56 70 91 999999999 33 6 81 85 89 56 10 
34 63 10 51 2 54 51 63 13 35 59 33 999999999 70 46 82 74 97 44 
42 7 17 65 31 95 53 9 95 31 1 6 70 999999999 32 63 86 86 96 
86 54 87 28 37 30 42 35 37 21 77 81 46 32 999999999 91 30 78 59 
14 32 40 64 81 50 88 55 29 31 78 85 82 63 91 999999999 31 47 94 
89 4 87 88 52 43 32 38 94 19 4 89 74 86 30 31 999999999 65 96 
82 96 6 86 78 16 87 27 5 9 30 56 97 86 78 47 65 999999999 74 
67 17 14 2 33 93 22 62 24 68 95 10 44 96 59 94 96 74 999999999 
