16 0 10 12 9 2 7 3 5 4 1 6 14 8 15 13 11 0 206
999999999 90 21 67 58 77 49 98 61 41 22 25 53 54 28 29 
90 999999999 33 47 18 29 17 21 90 13 40 37 18 24 65 73 
21 33 999999999 17 41 31 60 2 48 20 81 37 44 20 26 60 
67 47 17 999999999 15 10 13 7 18 54 73 94 18 55 88 75 
58 18 41 15 999999999 20 82 30 69 43 70 94 72 81 72 93 
77 29 31 10 20 999999999 90 81 54 33 34 51 56 82 18 90 
49 17 60 13 82 90 999999999 49 91 78 47 54 93 28 12 55 
98 21 2 7 30 81 49 999999999 3 90 23 64 16 35 29 79 
61 90 48 18 69 54 91 3 999999999 95 12 75 5 21 3 9 
41 13 20 54 43 33 78 90 95 999999999 39 80 11 21 73 41 
22 40 81 73 70 34 47 23 12 39 999999999 42 1 41 16 62 
25 37 37 94 94 51 54 64 75 80 42 999999999 65 8 81 48 
53 18 44 18 72 56 93 16 5 11 1 65 999999999 41 38 49 
54 24 20 55 81 82 28 35 21 21 41 8 41 999999999 85 21 
28 65 26 88 72 18 12 29 3 73 16 81 38 85 999999999 97 
29 73 60 75 93 90 55 79 9 41 62 48 49 21 97 999999999 
